Jan	Feb	Mar	Apr	May	Jun	Jul	Aug	Sep	Oct	Nov	Dec
25	25	30	42	54	64	72	72	68	57	46	34
25	25	31	42	54	64	72	72	68	56	45	34
25	25	31	43	55	65	72	72	68	56	45	33
25	25	31	43	55	65	72	72	67	55	45	33
25	25	32	44	55	65	72	72	67	55	44	32
25	25	32	44	55	66	72	72	67	55	44	32
25	25	32	45	56	66	73	72	66	54	44	32
25	25	33	45	56	66	73	72	66	54	43	31
25	26	33	45	56	67	73	72	66	53	43	31
24	26	33	46	57	67	73	72	65	53	42	31
24	26	34	46	57	67	73	72	65	53	42	30
24	26	34	47	57	68	73	72	64	52	42	30
24	26	34	47	58	68	73	71	64	52	41	30
24	26	35	48	58	68	73	71	64	52	41	29
24	27	35	48	58	69	73	71	63	51	40	29
24	27	36	48	59	69	73	71	63	51	40	29
24	27	36	49	59	69	73	71	62	51	40	29
24	27	36	49	59	69	73	71	62	50	39	28
24	28	37	50	60	70	73	71	62	50	39	28
24	28	37	50	60	70	73	71	61	50	38	28
24	28	37	50	60	70	73	71	61	49	38	28
24	28	38	51	61	70	73	70	60	49	38	27
24	29	38	51	61	71	73	70	60	49	37	27
24	29	39	51	61	71	73	70	59	48	37	27
24	29	39	52	62	71	73	70	59	48	36	27
24	29	40	52	62	71	72	70	59	48	36	27
24	30	40	52	62	71	72	69	58	47	36	26
24	30	40	53	63	72	72	69	58	47	35	26
24	-	41	53	63	72	72	69	57	47	35	26
24	-	41	54	63	72	72	69	57	46	34	26
24	-	42	-	64	-	72	68	-	46	-	26
